215820287 7
215820287 1
215820287
191549378 7
191549378 8
191549378
292274741
158088041 137
158088041
548416942
243714463 1
2108403589 7
2108403589 1
2108403589
311326728 7
311326728 8
311326728
1198018952
2057376678 137
2057376678
1695609993
1009139854 1024
1009139854
1935165820 137
1935165820
1935165821 137
692086119 137
692086119
692086120 137
1119953075 137
1119953075
1119953076 137
1119953076 137
759391713
280745510 1000
280745510
280745511 1000
1912063624 2
1912063624 1
1912063624 1
1912063624
781287891 3
781287891 2
781287891 1
781287891 1
781287891
1200504504
